we don't care were you are we are we here for you taking thousands off this weekend
i want the world to know rivergate toyota got march madness
nashville tn march madness
nashville let us find your next car for you
my panda web policy updates thank you 03 / 19 / 2015
jimmy d. bump will be at rivergate toyota thursday thru saturday 9am to 5 pm come buy a toyota from me jimmy d. bump
come buy a car from me at rivergate toyota i am jimmy d. bump and i'm just trying to make a living best given chance
jimmy is selling for the best dealership ever rivergate toyota in madison tn ask for jimmy d
"toyota delivery 2015 corolla best price and delivered to your house, work or play nashville rivergate toyota"
great home cooked meal today
hey give me my toyota i'm not playing with you i'm for real let's ride number 1 vehicle ever toyota corolla j/saying
nashville my panda and toyota can have you in your new toyota today best price
"dejay will deliver your new car to your work,play or home brand new toyota to you visit mr. or miss too busy to shop"
my panda ecc of nashville deliver me a brand new toyota tomorrow we can do that.
what the world is a bird dog and how can i get me one
wow i know how to get my next car truck or suv the easy way
nashville dickerson road your lunch is ready come eat !
new to tenn easy service for getting new or used cars from the convenience of your home sign up and request accepted
dickerson road nashville tn ( come on in ) we have a great supper for
nashville excellent southern cooking lunch time
nashville lunch time come fill your belly
nashville lunch time come and get it
smile so bright you could blind some body &amp; if you do take them by the hand to your house that's your date tonight
we came like a cowboy we saw we stood tall we fixed all vehicles now little lady &amp;tennessean we need to fix your car
nashville where can i get a home cooked meal like mom ma used to make i'm hungry
nashville are you looking for employment with a great company click here possible to get hired
want a great supper come on over got you some good stuff food to live for and share with your family maybe c u soon
come and get your job nashville do you need employment call us we are hiring now
nashville we make you happy to smile
lunch is so much better nashville tn with the pbl see you at noon open all day
brite white smilez will look so good with the snow and the one you love
now hiring come love our customers &amp; the rest of you's bring your mouth for a taste of heaven
hiring all shifts call tomorrow 615-712-9447 fill out the contact form
nashville dickerson rd new restaurant awesome food and hiring all shifts come work for us
look what's coming dickerson road ( not open yet ) lunchtime menu call them tell them to hurry up &amp; open we hungry
chicken and dressing with all the fixing hungry come on over nashville get your chicken back dickerson road broadmoor
nashville tn snow is melting your cars running like crap bring it on in we'll fix that and get you ready for spring
lunch time smacking dickerson road nashville tn
white teeth like your mom ma gave you
hey nashville lunch let's do p b luncheon good nutritious family lunch like mom ma use to make
my panda web member on the radio
get your business site up and running
it's all about that smile
it's cold i know but you got to roll bring your car over here or we'll come get it you need to commute j will fix it
anyone seen my panda it's a merchants success new business or a boost in customers your choice
nashville where you smacking at today oh man po boy luncheon that's my feed bag go get some
good doctor got a super song coming go (enter) listen in a few weeks new smash coming watch some video's
white snow or white teeth which is better one got my car stuck and the other got me date better get your teeth white
my panda attracts customers &amp; profit it's works too cheap conditioned merchant u can pay more
tomorrow is a good day to come by &amp; get that special smilez white teeth like the snow only brighter have a great day
j fix my car in madison tenn my car when it runs runs like crap please fix my car
dollar little short food is the best come on over po boy or girl keep that figure and eat good like a nashvillian
give me them dog gone neck bones slap some corn bread on that plate and put on some lip stick i got soul food
i love my panda system said the profitable merchant
system is working for merchant profit and brand popularity if your business is promoted by mpw you're a winner
welcome from merchants join us now we find you buying &amp; paying customers
( all i got is love ) girl a man ain't all that but love is forever member dr. bump
member my panda web writes love song 4 the lover in you good days 4 something different in love ( all i got is love )
mom ma mom ma tell me the news i got white teeth like a baby 5 years after i fell out of you we fix your smile.
white teeth like your mom ma gave you great offer this month white teeth help you get your swag on
my panda loves you kayla mueller's god will set all matters straight paradise coming soon our condolence to ur family
come and get your plate nashville
my lunch i'm craving a poe boy a real meal for a great price call ahead for faster service.
kerry i'm gonna do u a favor i'm gonna have your baby 4 u thank me later
welcomes new member my panda attracts customers to your business
welcomes new member my panda attracts customers
welcomes new member my panda attracts customers
welcomes new member my panda attracts customers
welcomes new member my panda attracts customers
welcomes new member my panda attracts customers
welcomes new member my panda attracts customers
welcomes new member my panda attracts customers
today let's do lunch bout to bite something 3000 dickerson pike nashville tn
if it's got the mpw favicon it's making sales and attracting customers
yaw ready to eat nashville thursday let's do it 25000 hits monthly and growing my panda
my panda web welcomes meat &amp; 2 tomorrow on dickerson road nashville tn you hungry let's go
tom brady is a kool guy but i need to see a great game seahawks pull his pants down &amp; give tom brady a spanking
just get your money and go make some money
just get your money and go make some money
donald trump my panda members moving in next door to you we got cash for your business
don't let cash hold you down
start your business today we got you
that got one song bang bang but our member has my panda backing people deserve to be rewarded for what they create
music act took his bang bang but they didn't get everything all i got is love is climbing the charts
brite smilez 4 your momma ur daddy &amp; you reorganize your family off the chain fine use some of your tax refund
tax refund benefit a pretty smile equals better job interview pretty teeth equals special person you been eyeballing
get my car fixed today tennessee
coupon nashville tennessee
madison tennessee coupon
wat up jenice from dr. bump jehovah god rules
merchants do you need some money to expand your business
hey where that money at
got a business need money
5 million to help your business
do you need working capitol
expanding a business
starting a business
up to 5 million
up to 5 million
people buying these two songs from different location text from california 3 thumbs up facebook west tn loving it
text and win music food cash simple
food money &amp; new music download amazing simple cash big promotion for this service for nashville and all of tenn info
hidden discounts only my panda web knows about for more information please go to
smacking time at b&amp;c put that chicken down so i can bite it &amp; give me the turnip greens omg is that mac cheese addict
my panda d american way tell the haters go have fun in traffic i got peoples needs to fulfill american opportunities
dr. bump is on i tunes and rolling with some hott suce and all he got is love that's all i had when i got married
if you want slap it together please go to the dead car museum if you want it professionally repaired i got u call me
creation with projected 5000 hits monthly 100 to 300 new twitters followers monthly we've created a wonderful monster
how can they do this and rock your business too if you want more customers tennessee and beyond
"dr. bump on fire like po bro sleeping on the curb nothing can stop the roll business, entertainment, family &amp; friends"
support dr. bump music
support dr. bump music
support dr. bump music
support dr. bump music
support dr. bump music
support dr. bump music
support dr. bump music
support dr. bump music
support dr. bump
what did the po bro say all i got is love
"mpw best creation 45,000 fans &amp; growing by about 1000 monthly join the wave"
we created dr. bump boy exploding we can help your small business
dr. bump dr. bump dr. bump he's one of ours smoking itunes
tuesday i will be smacking
dr. bump got your family event
gyro to die for
man if my teeth were jacked up this where i would be
inglewood muffler this where you go when that exhaust is acting crazy honest nothing more to say
dr. bump where forth art thou making funky music for america everybody tell the powers to be let dr. bump music go
jenice rocks the singers &amp; all sewing machines excellent sewing machine repair get with the program ( people )
j auto cares about you and your ride check the coupon and save to fix your car it's cold outside fix your car
my panda rakes in tax refunds for our merchants kool program that benefits the customers first &amp; then the merchant
this guy will rock the world listen to his hott suce song on itunes soon
nashville kicking it if you wanna join the party let us wax your teeth give you some pearly whites run wit us
sweetest lady in the whole wide world go see see see her yaw get that sewing machine fixed
madison tn why you playing get the car fixed
don't have time to be fooling with all the legal &amp; hassle of social site for your business &amp; that cost to much
got a web site cost too much balls in your court
hey madison tn gotta get that car fixed
dr. bump
let no one fool you sew right repairs is the best jen can fix most any sewing machine check this
it could be your battery we can fix it
what? my car is not taking off in traffic like it used too i wonder does it need a tune i need to know
your car won't start get it fixed probably needs a tune up or fuel filter madison &amp; tennessee
my panda web &amp; 4 site biz can do it for you r you starting a business we build your web site you make money (try it)
too cold to be messing around you need your car running now these boys can do it no playing around
got get my valve covers fixed said they could do it be there soon momma yammay
wo my tire keeps going down madison tn these guys off the chain excellent mechanics and great prices i'm just saying
good time to think about a families transportation
tennessee they got the flow
hard to celebrate when your car is loud come in this month we will silent that exhaust problem affordably great gift
tennessee special limited
my panda limited
this is a good-em old school great service tennessee merchant that's all
last week i had a rumble in my motor ronnie said it's the valve cover needs tightening they didn't charge me anything
gary fixed my catalytic converter almost 10 years ago &amp; still no problems tell everybody about gary see for yourself
wo this guy is very unusual check this
wo this guy
business &amp; pleasure have your cake and eat it to
nashville &amp; the world 4 site has been developing new things
has one of our members music been kidnapped bang bang - check it out nicki on no you didn't
free food entertainment bring the whole family 12 to close saturday april 6th 2014 customer appreciation
nashville don't worry about it we can get you in a car tell us what you need
rid e rid e rid e ride in yo car kool nashville tn
wat up lyrics must read much love &amp; respect
go to sleep nashville wake up &amp; get a car
primms customers appreciation september 6 2014
"customers appreciation day september 6, 2014 primms automotive food entertainment and meet the automotive family"
easy ride nashville tn
this is crazy
wake me up when my car gets here
"get a car, order a car, sleep &amp; find, take a shower and drive t/phone adjusted"
"order the vehicle you need get the best price, best vehicle to view when you have time tenn try it you will love it"
like j j page
honorable member going to court tomorrow pay the man his policy was in force insurance company
next time i need a ride take a nap whoop there it is middle tenn
amazing this is a great idea if you are buying a car in middle tenn
new way to buy a car nashville and state of tennessee do what you do it's that easy
we be jammin new member show them some love 4 site is changing it's name to my panda web we'll give you a bear hug
just a kick start
we are so proud of jimmy jimmy the entertainer a member of 4 site biz
sponsors needed
entertainers pool
jimmy jimmy
project
""
what's new on kick starter
chinese women are so beautiful jimmy jimmy recently
who knew
wild and mentally deep life
corporation and businesses come and get some of the next hottest thing jimmy jimmy
this boys on fire wit da hot sauce
just write the music
i must rise i must succeed sun funk shine music album needs u
who ? why ? maybe ?
kick starter coming soon i just need a professional studio and then i will pop / rock the entire planet
check address above and see why i need to go professional
this music with professional will rock the planet where my investors at where my producers at
miami i got your hott sauce jimmy jimmy needs investors and a producer let me know good or bad it's all good.
shake ur hot sauce jimmy jimmy: via
