"the overland daily is out! stories via the overland daily is out! stories via the overland daily is out! stories via the overland daily is out! stories via you're welcome time to replace the birfields on my fj80   land cruiser a quick video of the new birfield joints i received today for my fj80 land cruiser the overland daily is out! stories via i just ordered new replacement birfield joints for my 80-series   land cruiser. thank you carl at... the overland daily is out! stories via the overland daily is out! stories via repeater information the overland daily is out! stories via the overland daily is out! stories via the overland daily is out! stories via the overland daily is out! stories via the overland daily is out! stories via the overland daily is out! stories via here are some ideas for exploring washington state: this is how i'm spending my monday the overland daily is out! stories via adventure vehicle throwback: s10 blazer/ bronco ii / xj wagoneer the overland daily is out! stories via the overland daily is out! stories via the overland daily is out! stories via the overland daily is out! stories via washington, oregon &amp; california - fs to hold northwest forest plan amendment listening sessions... the overland daily is out! stories via the overland daily is out! stories via the overland daily is out! stories via the overland daily is out! stories via the overland daily is out! stories via the overland daily is out! stories via the overland daily is out! stories via seattle area – snow recovery training run the overland daily is out! stories via the 7th annual christmas valley 4x4 off road campout and trail ride the overland daily is out! stories via the overland daily is out! stories via the overland daily is out! stories via the overland daily is out! stories via the overland daily is out! stories via haller pass 2/25/15 the overland daily is out! stories via the overland daily is out! stories via awning and sidewall for sale the overland daily is out! stories via the overland daily is out! stories via the overland daily is out! stories via the overland daily is out! stories via [trip report] 7030 road and kelly butte 2/15/15 the overland daily is out! stories via the overland daily is out! stories via the overland daily is out! stories via the overland daily is out! stories via the overland daily is out! stories via the overland daily is out! stories via the overland daily is out! stories via the overland daily is out! stories via the overland daily is out! stories via the overland daily is out! stories via oregon trail off-road fzj80 rear drawer build it's official, i passed my amateur technician and general test tonight the overland daily is out! stories via the overland daily is out! stories via oregon trail off-road spring expedition the overland daily is out! stories via the overland daily is out! stories via the overland daily is out! stories via the overland daily is out! stories via the overland daily is out! stories via dnr, wdfw plan for growing recreation from eastern cascade range to columbia river | wdfw news... the overland daily is out! stories via the overland daily is out! stories via thoreau says it all. the overland daily is out! stories via the overland daily is out! stories via the overland daily is out! stories via the overland daily is out! stories via the overland daily is out! stories via the overland daily is out! stories via pre superbowl slush run the overland daily is out! the overland daily is out! stories via the overland daily is out! stories via thank you for the #ff mention nw overland rally 2015 rt #ff the overland daily is out! stories via the overland daily is out! stories via  the overland daily is out! stories via the overland daily is out! stories via the overland daily is out! stories via the overland daily is out! stories via the overland daily is out! stories via the overland daily is out! stories via pnw forum adventure the overland daily is out! stories via 800 mile overlanding trip in june washington - comments on motorized travel management proposed action due january 20 the overland daily is out! stories via don’t ignore maintenance! thoughts on licensing (by a novice) oto family snow day (mt. jefferson) the overland daily is out! the overland daily is out! stories via the overland daily is out! stories via the overland daily is out! stories via the overland daily is out! stories via the overland daily is out! stories via the overland daily is out! stories via the overland daily is out! stories via like this forum the overland daily is out! stories via the overland daily is out! stories via ham radio licensing class the overland daily is out! stories via another photo that i captured a few weeks ago along huckleberry creek near greenwater, washington the overland daily is out! stories via the overland daily is out! stories via another photograph i captured a few weeks ago at sun top lookout the overland daily is out! stories via a photo i captured a weeks ago on a trip above greenwater. washington the overland daily is out! stories via the overland daily is out! stories via the overland daily is out! stories via the overland daily is out! stories via the overland daily is out! stories via the overland daily is out! stories via merry christmas the overland daily is out! stories via the overland daily is out! stories via the overland daily is out! happy first day of winter! the overland daily is out! stories via the overland daily is out! stories via how to survive: falling into frozen water the overland daily is out! stories via thank you for the #ff mention rt #ff the overland daily is out! stories via emergency multi-band hf antenna the overland daily is out! stories via new header photo for the forum i posted a new video to facebook the overland daily is out! stories via a short hello... [trip report] forest road 73 / suntop lookout - 12/15/2014 the overland daily is out! stories via new guy the overland daily is out! stories via i would love that the overland daily is out! stories via the overland daily is out! off-road lights the overland daily is out! stories via bonkers the overland daily is out! stories via the overland daily is out! stories via the overland daily is out! stories via the overland daily is out! stories via the overland daily is out! stories via [trip report] out of the archives - colockum pass tour, september 9, 2006 oregon - wallowa-whitman nf provides more time to review existing condition road maps the overland daily is out! stories via the overland daily is out! stories via from idaho the overland daily is out! stories via the overland daily is out! stories via the overland daily is out! stories via the overland daily is out! stories via the overland daily is out! i cannot reply to an existing thread either anyone else have this forum problem? the overland daily is out! stories via the overland daily is out! stories via the overland daily is out! stories via the overland daily is out! stories via the overland daily is out! stories via the overland daily is out! stories via the overland daily is out! stories via public invited to discuss teanaway community forest management priorities at dec. 4 open house |... the overland daily is out! stories via the overland daily is out! stories via the overland daily is out! stories via the overland daily is out! stories via retired navy diver still looking for adventure!! the overland daily is out! the overland daily is out! stories via the overland daily is out! stories via the overland daily is out! stories via the overland daily is out! stories via the overland daily is out! stories via the overland daily is out! stories via how many miles on your rigs? the overland daily is out! stories via the overland daily is out! stories via the overland daily is out! stories via looking for quad band and/or hf rigs "
